104
497
494
691
573
327
636
597
114
349
802
441
962
544
378
695
728
247
737
975
1095
1038
782
782
325
812
587
142
108
301
858
1005
709
853
374
941
196
593
145
147
1053
1060
863
901
755
187
783
237
1059
246
819
572
1058
700
1068
1049
260
886
640
727
230
930
816
664
485
196
557
687
783
709
183
690
492
463
308
153
250
534
339
788
553
269
907
827
800
105
293
791
155
288
410
335
729
454
635
839
767
1074
908
504
526
1016
925
615
930
1021
336
869
353
239
135
880
948
760
684
955
489
982
501
498
862
519
961
1054
752
339
239
744
234
603
607
960
1085
130
174
960
394
710
231
176
177
327
940
1039
990
1060
374
955
854
385
531
290
182
473
637
900
223
232
417
975
744
453
633
626
358
360
802
156
497
675
469
233
271
1062
732
809
161
1033
640
894
636
1020
585
625
446
553
275
289
604
977
1094
724
438
320
613
746
130
234
716
249
1043
209
198
600
322
437
1086
137
789
315
678
1088
960
989
841
999
325
158
1082
722
125
428
954
804
233
956
102
966
820
635
458
335
899
412
910
1056
808
790
911
1080
206
684
920
934
129
385
209
324
127
890
557
521
509
354
495
196
439
208
173
214
121
638
100
1086
392
662
1000
760
978
454
212
211
277
137
567
1004
197
711
292
1087
177
568
533
868
423
377
655
315
849
605
366
312
905
1000
1084
983
442
577
609
397
819
583
292
751
116
736
922
839
237
436
618
814
854
109
866
364
527
602
858
152
924
623
1052
354
678
1007
903
903
735
895
284
617
214
508
1021
538
124
985
561
517
986
861
890
125
214
856
292
112
324
826
760
606
234
318
225
552
783
338
131
918
371
148
753
571
705
533
507
841
1069
1016
322
571
971
350
649
570
223
808
785
261
1008
427
774
780
565
905
366
652
878
785
1002
622
1002
206
525
982
626
1086
604
997
570
342
325
320
440
325
243
1008
130
200
577
908
715
101
736
328
701
330
679
1016
1085
1042
1047
321
326
355
413
420
507
337
723
456
545
759
397
214
110
490
722
576
385
757
338
768
857
936
394
1024
968
253
194
1042
718
592
155
229
588
710
352
570
192
970
617
594
898
899
160
718
576
642
435
744
497
979
838
206
529
486
1049
357
495
156
631
1085
1004
775
874
807
1087
417
527
941
856
352
867
1028
563
964
929
911
200
333
801
769
999
402
782
995
482
440
618
757
387
166
892
975
612
431
951
973
827
1001
520
541
921
283
636
149
886
1007
310
767
345
775
124
888
937
507
636
914
769
1071
718
208
649
789
133
177
426
243
990
379
771
1027
648
891
470
514
730
923
642
763
1045
203
338
837
969
588
168
273
528
862
258
437
616
273
353
868
1093
955
441
912
959
1024
552
480
600
711
864
1011
206
300
500
790
112
167
1079
988
103
158
582
676
770
172
186
992
1036
312
858
871
1061
1049
437
1025
1086
844
380
816
972
907
324
806
576
955
420
803
111
952
371
1075
311
212
874
711
861
613
661
198
1031
806
158
257
161
715
732
920
803
118
596
338
511
786
115
272
997
344
999
217
1073
798
339
208
437
491
776
551
420
320
596
250
964
669
692
356
623
377
886
522
831
702
1057
400
869
991
1024
597
1056
774
904
340
553
257
114
330
1069
877
263
812
572
805
184
825
451
700
790
1089
503
990
640
924
463
271
370
299
289
1007
580
850
641
380
856
827
1067
783
740
920
391
1035
393
190
1020
897
331
1095
1084
608
954
1008
575
775
276
138
737
331
856
464
798
647
1017
904
668
627
408
1065
564
707
750
100
158
242
734
735
445
428
107
540
323
250
750
129
997
937
689
962
351
1086
373
1084
232
299
236
442
1070
158
822
598
304
234
1010
289
439
1092
284
332
833
559
285
284
1030
119
134
521
656
583
556
401
122
430
1093
650
283
729
272
682
130
331
988
1080
269
302
341
574
275
858
757
1041
519
417
441
1049
197
363
275
730
441
1065
371
134
490
300
1077
414
494
489
441
886
891
602
874
291
216
796
640
804
528
175
265
924
910
695
307
212
558
796
669
264
1032
837
463
377
725
124
250
983
665
868
174
1082
228
387
1000
483
829
368
552
808
240
513
996
610
813
340
1067
382
617
430
282
244
724
1037
1098
394
1088
874
1072
879
373
950
900
650
839
295
964
425
638
277
829
858
102
235
581
544
602
616
989
893
1083
808
505
920
667
539
645
966
241
736
247
861
909
757
673
741
1099
992
858
463
550
559
834
524
214
861
985
853
217
136
278
376
541
114
821
670
961
303
854
232
164
168
1043
565
1064
550
722
1062
809
697
145
478
867
1078
226
486
314
256
682
831
946
916
588
905
444
1052
274
216
732
514
1066
585
235
680
